1	1	21
1	2	22
1	3	23
1	4	24
1	5	25
1	6	26
1	7	28
1	8	29
1	9	30
1	10	30
1	11	32
1	12	32
1	13	33
1	14	34
1	15	35
1	16	36
1	17	37
1	18	38
1	19	38
1	20	39
1	21	40
1	22	40
1	23	42
1	24	44
1	25	46
1	26	48
1	27	48
1	28	50
1	29	51
1	30	51
1	31	53
1	32	56
1	33	58
1	34	61
1	35	62
1	36	64
1	37	66
1	38	67
1	39	69
1	40	70
1	41	71
1	42	72
1	43	72
1	44	73
1	45	75
1	46	76
1	47	77
1	48	78
1	49	80
1	50	80
1	51	81
1	52	85
1	53	88
1	54	89
1	55	91
1	56	92
1	57	93
1	58	94
1	59	96
1	60	97
1	61	97
1	62	100
1	63	102
1	64	103
1	65	106
1	66	107
1	67	108
1	68	109
1	69	110
1	70	111
1	71	112
1	72	114
1	73	116
1	74	118
1	75	118
1	76	119
1	77	119
1	78	120
1	79	121
1	80	122
1	81	124
1	82	125
1	83	125
1	84	126
1	85	129
1	86	131
1	87	132
1	88	132
1	89	134
1	90	135
1	91	135
1	92	137
1	93	140
1	94	141
1	95	143
1	96	145
1	97	146
1	98	147
1	99	147
1	100	147
1	101	150
1	102	151
1	103	153
1	104	154
1	105	156
1	106	159
1	107	159
1	108	110
1	109	161
1	110	162
1	111	163
1	112	164
1	113	168
1	114	170
1	115	171
1	116	173
1	117	176
1	118	180
1	119	181
1	120	182
1	121	184
1	122	187
1	123	190
1	124	192
1	125	193
1	126	194
1	127	195
1	128	198
1	129	199
1	130	201
1	131	204
1	132	205
1	133	206
1	134	207
1	135	209
1	136	210
1	137	211
1	138	212
1	139	212
1	140	215
1	141	217
1	142	219
1	143	221
1	144	222
1	145	223
1	146	224
1	147	225
1	148	226
1	149	227
1	150	228
1	151	228
1	152	230
1	153	231
1	154	232
1	155	233
1	156	234
1	157	235
1	158	235
1	159	237
1	160	238
1	161	239
1	162	241
1	163	245
1	164	247
1	165	257
1	166	261
1	167	263
1	168	264
1	169	266
1	170	268
1	171	269
1	172	270
1	173	270
1	174	272
1	175	274
1	176	275
1	177	275
1	178	276
1	179	277
1	180	278
1	181	280
1	182	282
1	183	283
1	184	284
1	185	284
1	186	286
1	187	288
1	188	289
1	189	289
1	190	290
1	191	292
2	1	295
2	2	297
2	3	299
2	4	301
2	5	302
2	6	303
2	7	304
2	8	304
2	9	305
2	10	306
2	11	307
2	12	310
2	13	311
2	14	314
2	15	315
2	16	316
2	17	317
2	18	318
2	19	319
2	20	320
2	21	321
2	22	322
2	23	323
2	24	326
2	25	328
2	26	329
2	27	329
2	28	331
2	29	332
2	30	333
2	31	334
2	32	335
2	33	336
2	34	338
2	35	341
2	36	343
2	37	344
2	38	345
2	39	346
2	40	348
2	41	348
2	42	350
2	43	350
3	1	352
3	2	355
3	3	357
3	4	359
3	5	360
3	6	362
3	7	363
3	8	365
3	9	366
3	10	367
3	11	368
3	12	369
3	13	370
3	14	370
3	15	371
3	16	372
3	17	373
3	18	373
3	19	374
3	20	375
3	21	375
3	22	376
3	23	377
3	24	377
3	25	378
3	26	378
3	27	380
3	28	381
3	29	382
3	30	383
3	31	386
3	32	390
3	33	392
3	34	394
3	35	395
3	36	397
3	37	398
3	38	399
3	39	401
3	40	403
3	41	403
3	42	404
3	43	405
3	44	406
3	45	406
3	46	407
3	47	408
3	48	408
3	49	409
3	50	409
3	51	410
3	52	411
3	53	412
3	54	416
3	55	419
3	56	422
3	57	424
3	58	425
3	59	426
3	60	427
3	61	428
3	62	429
4	1	432
4	2	436
4	3	439
4	4	442
4	5	443
4	6	446
4	7	448
4	8	449
4	9	450
4	10	450
4	11	451
4	12	452
4	13	452
4	14	453
4	15	454
4	16	454
4	17	458
4	18	460
4	19	463
4	20	465
4	21	466
4	22	467
4	23	469
4	24	471
4	25	472
4	26	473
4	27	475
4	28	476
4	29	477
4	30	477
4	31	479
4	32	480
4	33	482
4	34	483
4	35	485
4	36	486
4	37	487
4	38	489
4	39	490
4	40	491
4	41	492
4	42	493
4	43	495
4	44	496
4	45	497
4	46	498
4	47	499
4	48	499
4	49	500
4	50	500
4	51	502
4	52	503
4	53	503
4	54	504
4	55	505
4	56	506
4	57	507
4	58	508
5	1	5
5	2	7
5	3	9
5	4	10
5	5	12
5	6	12
5	7	14
5	8	15
5	9	15
5	10	16
5	11	17
5	12	18
5	13	19
5	14	19
5	15	19
5	16	21
5	17	21
5	18	22
5	19	23
5	20	24
5	21	24
5	22	24
5	23	25
5	24	25
5	25	26
5	26	27
5	27	27
5	28	28
5	29	29
5	30	31
5	31	32
5	32	34
5	33	36
5	34	38
5	35	39
5	36	39
5	37	40
5	38	41
5	39	41
5	40	42
5	41	43
5	42	46
5	43	48
5	44	50
5	45	54
5	46	55
5	47	56
5	48	57
5	49	59
5	50	59
5	51	60
5	52	61
5	53	63
5	54	64
5	55	67
5	56	67
5	57	68
5	58	69
5	59	70
5	60	71
5	61	72
5	62	74
5	63	75
5	64	76
5	65	77
5	66	78
5	67	79
5	68	79
5	69	79
5	70	80
5	71	80
5	72	81
5	73	81
5	74	83
5	75	84
5	76	85
5	77	86
5	78	86
5	79	87
5	80	88
5	81	89
5	82	89
5	83	90
5	84	91
5	85	92
5	86	93
5	87	93
6	1	96
6	2	97
6	3	99
6	4	100
6	5	101
6	6	102
6	7	103
6	8	104
6	9	105
6	10	106
6	11	107
6	12	108
6	13	109
6	14	110
6	15	110
6	16	113
6	17	117
6	18	119
6	19	120
6	20	121
6	21	123
6	22	125
6	23	126
6	24	127
6	25	128
6	26	129
6	27	130
6	28	131
6	29	132
6	30	133
6	31	133
6	32	134
6	33	135
6	34	135
6	35	136
6	36	137
6	37	138
6	38	138
6	39	139
6	40	139
6	41	140
6	42	140
6	43	141
6	44	141
6	45	144
6	46	146
6	47	147
6	48	151
6	49	153
6	50	155
6	51	157
6	52	159
6	53	161
6	54	161
6	55	162
6	56	162
6	57	163
6	58	163
6	59	164
6	60	165
6	61	166
6	62	168
6	63	169
6	64	171
6	65	171
6	66	172
6	67	173
6	68	175
6	69	176
6	70	177
6	71	178
6	72	179
6	73	179
6	74	180
6	75	180
7	1	183
7	2	186
7	3	187
7	4	188
7	5	189
7	6	190
7	7	191
7	8	192
7	9	192
7	10	193
7	11	194
7	12	194
7	13	195
7	14	195
7	15	195
7	16	196
7	17	197
7	18	198
7	19	202
7	20	203
7	21	204
7	22	206
7	23	206
7	24	207
7	25	208
7	26	208
7	27	209
7	28	210
7	29	210
7	30	211
7	31	211
7	32	212
7	33	214
7	34	217
7	35	220
7	36	221
7	37	222
7	38	224
7	39	225
7	40	226
7	41	226
7	42	227
7	43	228
7	44	228
7	45	229
7	46	229
7	47	230
7	48	230
7	49	231
7	50	231
7	51	232
7	52	232
7	53	232
7	54	233
7	55	233
7	56	234
7	57	237
7	58	237
7	59	238
7	60	239
7	61	241
7	62	242
7	63	242
7	64	243
7	65	244
7	66	244
7	67	246
7	68	247
7	69	248
7	70	249
7	71	250
7	72	251
7	73	251
7	74	252
7	75	252
7	76	253
7	77	254
7	78	255
7	79	255
7	80	256
7	81	256
7	82	257
7	83	258
7	84	259
7	85	260
7	86	260
7	87	262
7	88	263
7	89	264
7	90	265
7	91	265
7	92	266
7	93	267
7	94	268
7	95	269
7	96	270
7	97	270
7	98	272
7	99	272
7	100	273
7	101	274
7	102	275
7	103	275
7	104	277
8	1	281
8	2	285
8	3	289
8	4	292
8	5	295
8	6	298
8	7	303
8	8	306
8	9	308
8	10	310
8	11	311
8	12	311
8	13	314
8	14	317
8	15	318
8	16	319
8	17	320
8	18	321
8	19	323
8	20	326
8	21	329
8	22	331
8	23	332
8	24	335
8	25	337
8	26	339
8	27	342
8	28	343
8	29	343
8	30	345
8	31	345
8	32	347
8	33	349
8	34	351
8	35	352
8	36	354
8	37	354
8	38	355
8	39	356
8	40	357
8	41	358
8	42	360
8	43	360
8	44	362
8	45	364
8	46	367
8	47	371
8	48	372
8	49	374
8	50	376
8	51	377
8	52	378
8	53	379
8	54	380
8	55	381
8	56	381
8	57	382
8	58	382
8	59	383
8	60	384
8	61	386
8	62	388
8	63	389
8	64	390
8	65	391
8	66	392
8	67	394
8	68	395
8	69	397
8	70	399
8	71	400	
8	72	401
8	73	403
8	74	405
8	75	406
8	76	407
8	77	408
8	78	409
8	79	410
8	80	410
8	81	411
8	82	412
8	83	412
8	84	413
8	85	414
8	86	414
8	87	415
8	88	416
8	89	416
8	90	417
8	91	417
8	92	419
8	93	421
8	94	423
8	95	424
8	96	425
8	97	428
8	98	429
8	99	430
8	100	431
8	101	434
8	102	436
8	103	439
9	1	13
9	2	15
9	3	16
9	4	16
9	5	17
9	6	18
9	7	18
9	8	19
9	9	20
9	10	20
9	11	21
9	12	22
9	13	23
9	14	23
9	15	24
9	16	25
9	17	26
9	18	26
9	19	27
9	20	27
9	21	28
9	22	28
9	23	29
9	24	29
9	25	30
9	26	30
9	27	31
9	28	31
9	29	32
9	30	32
9	31	33
9	32	33
9	33	34
9	34	34
9	35	35
9	36	35
9	37	36
9	38	36
9	39	36
9	40	37
9	41	37
9	42	38
9	43	38
9	44	39
9	45	39
9	46	40
9	47	40
9	48	40
9	49	41
9	50	41
9	51	42
9	52	42
9	53	42
9	54	43
9	55	43
9	56	43
9	57	44
9	58	44
9	59	45
9	60	45
9	61	46
9	62	48
9	63	50
9	64	52
9	65	54
9	66	56
9	67	59
9	68	61
9	69	63
9	70	65
9	71	67
9	72	69
9	73	70
9	74	72
9	75	74
9	76	75
9	77	75
9	78	76
9	79	77
9	80	78
9	81	78
9	82	79
9	83	80
9	84	80
9	85	81
9	86	82
9	87	88
9	88	89
9	89	90
9	90	91
9	91	92
9	92	92
9	93	93
9	94	94
9	95	95
9	96	95
9	97	99
9	98	106
9	99	107
9	100	108
9	101	109
9	102	110
9	103	111
9	104	112
9	105	112
9	106	113
9	107	114
9	108	117
9	109	119
9	110	120
9	111	121
9	112	122
9	113	123
9	114	124
10	1	126
10	2	127
10	3	128
10	4	129
10	5	130
10	6	132
10	7	133
10	8	134
10	9	135
10	10	136
10	11	140
10	12	142
10	13	144
10	14	146
10	15	149
10	16	151
10	17	153
10	18	156
10	19	158
10	20	159
10	21	160
10	22	161
10	23	163
10	24	164
10	25	165
10	26	167
10	27	168
10	28	173
10	29	177
10	30	179
10	31	181
10	32	184
10	33	186
10	34	187
10	35	189
10	36	191
10	37	193
10	38	194
10	39	195
10	40	197
10	41	199
10	42	200
10	43	202
10	44	203
10	45	205
10	46	206
10	47	208
10	48	210
10	49	212
10	50	214
10	51	216
10	52	217
10	53	219
10	54	221
10	55	222
10	56	223
10	57	225
10	58	226
10	59	226
10	60	228
10	61	229
10	62	235
10	63	237
10	64	239
10	65	241
10	66	244
10	67	245
10	68	247
10	69	249
10	70	251
10	71	252
10	72	254
10	73	256
10	74	258
10	75	259
10	76	260
10	77	262
10	78	263
10	79	264
10	80	265
10	81	267
10	82	268
10	83	270
10	84	270
10	85	271
10	86	277
10	87	281
10	88	284
10	89	287
10	90	290
10	91	293
10	92	294
10	93	297
10	94	299
10	95	302
10	96	307
10	97	310
10	98	312
10	99	314
10	100	317
10	101	318
10	102	320
10	103	324
10	104	325
10	105	327
10	106	329
10	107	330
10	108	332
10	109	334
10	110	336
10	111	337
10	112	338
10	113	339
10	114	341
10	115	343
10	116	345
10	117	346
10	118	347
10	119	348
10	120	350
10	121	351
10	122	353
10	123	354
10	124	356
10	125	359
10	126	360
10	127	361
10	128	361
10	129	363
10	130	365
10	131	366
10	132	368
10	133	369
10	134	370
10	135	371
10	136	373
10	137	374
10	138	375
10	139	376
10	140	377
10	141	378
10	142	379
10	143	380
10	144	382
10	145	382
10	146	383
10	147	384
10	148	385
10	149	385
10	150	386
10	151	387
10	152	387
10	153	388
10	154	388
10	155	389
10	156	390
10	157	391
10	158	391
10	159	391
10	160	392
10	161	393
10	162	393
10	163	394
10	164	395
10	165	395
10	166	396
10	167	397
10	168	397
10	169	398
10	170	399
10	171	399
10	172	400
10	173	400
10	174	401
10	175	401
10	176	401
10	177	402
10	178	402
10	179	403
10	180	404
10	181	404
10	182	404
10	183	405
10	184	405
10	185	406
10	186	406
10	187	406
10	188	407
10	189	407
10	190	408
10	191	408
