1	1	105
1	2	106
1	3	108
1	4	109
1	5	111
1	6	112
1	7	114
1	8	115
1	9	116
1	10	117
1	11	119
1	12	120
1	13	121
1	14	122
1	15	123
1	16	125
1	17	126
1	18	127
1	19	128
1	20	129
1	21	130
1	22	131
1	23	133
1	24	136
1	25	138
1	26	141
1	27	142
1	28	143
1	29	145
1	30	146
1	31	148
1	32	151
1	33	153
1	34	156
1	35	157
1	36	158
1	37	161
1	38	163
1	39	164
1	40	165
1	41	167
1	42	168
1	43	169
1	44	170
1	45	172
1	46	173
1	47	175
1	48	177
1	49	178
1	50	179
1	51	180
1	52	183
1	53	185
1	54	186
1	55	187
1	56	189
1	57	190
1	58	191
1	59	192
1	60	194
1	61	195
1	62	198
1	63	200
1	64	201
1	65	204
1	66	205
1	67	206
1	68	207
1	69	208
1	70	209
1	71	210
1	72	212
1	73	215
1	74	216
1	75	217
1	76	218
1	77	219
1	78	220
1	79	221
1	80	222
1	81	225
1	82	226
1	83	227
1	84	229
1	85	231
1	86	233
1	87	234
1	88	236
1	89	238
1	90	239
1	91	240
1	92	243
1	93	245
1	94	247
1	95	249
1	96	251
1	97	252
1	98	253
1	99	253
1	100	254
1	101	256
1	102	258
1	103	260
1	104	262
1	105	265
1	106	269
1	107	270
1	108	271
1	109	273
1	110	274
1	111	275
1	112	276
1	113	279
1	114	282
1	115	283
1	116	285
1	117	288
1	118	292
1	119	293
1	120	295
1	121	297
1	122	300
1	123	302
1	124	304
1	125	306
1	126	308
1	127	310
1	128	312
1	129	313
1	130	315
1	131	317
1	132	318
1	133	320
1	134	321
1	135	322
1	136	324
1	137	325
1	138	326
1	139	327
1	140	330
1	141	332
1	142	335
1	143	336
1	144	337
1	145	338
1	146	339
1	147	340
1	148	341
1	149	342
1	150	343
1	151	344
1	152	346
1	153	347
1	154	348
1	155	349
1	156	350
1	157	351
1	158	352
1	159	354
1	160	355
1	161	356
1	162	360
1	163	363
1	164	366
1	165	377
1	166	379
1	167	381
1	168	383
1	169	385
1	170	386
1	171	387
1	172	388
1	173	389
1	174	390
1	175	392
1	176	393
1	177	394
1	178	394
1	179	396
1	180	397
1	181	400
1	182	401
1	183	403
1	184	404
1	185	405
1	186	407
1	187	408
1	188	410
1	189	411
1	190	412
1	191	413
2	1	417
2	2	420
2	3	422
2	4	423
2	5	424
2	6	425
2	7	426
2	8	427
2	9	428
2	10	429
2	11	430
2	12	432
2	13	434
2	14	437
2	15	438
2	16	440
2	17	441
2	18	443
2	19	444
2	20	446
2	21	447
2	22	448
2	23	449
2	24	452
2	25	454
2	26	455
2	27	456
2	28	458
2	29	460
2	30	461
2	31	463
2	32	464
2	33	465
2	34	467
2	35	469
2	36	471
2	37	472
2	38	473
2	39	475
2	40	476
2	41	477
2	42	479
2	43	479
3	1	482
3	2	485
3	3	488
3	4	489
3	5	491
3	6	493
3	7	495
3	8	497
3	9	498
3	10	499
3	11	500
3	12	501
3	13	502
3	14	503
3	15	504
3	16	505
3	17	506
3	18	507
3	19	508
3	20	509
3	21	510
3	22	511
3	23	512
3	24	513
3	25	514
3	26	515
3	27	516
3	28	518
3	29	520
3	30	522
3	31	524
3	32	528
3	33	530
3	34	532
3	35	534
3	36	535
3	37	537
3	38	538
3	39	540
3	40	542
3	41	542
3	42	543
3	43	544
3	44	545
3	45	546
3	46	547
3	47	547
3	48	548
3	49	549
3	50	550
3	51	551
3	52	552
3	53	553
3	54	557
3	55	560
3	56	563
3	57	564
3	58	565
3	59	566
3	60	568
3	61	569
3	62	570
4	1	572
4	2	575
4	3	578
4	4	580
4	5	582
4	6	584
4	7	586
4	8	588
4	9	588
4	10	589
4	11	590
4	12	591
4	13	592
4	14	593
4	15	594
4	16	595
4	17	599
4	18	601
4	19	604
4	20	606
4	21	607
4	22	610
4	23	611
4	24	613
4	25	615
4	26	617
4	27	618
4	28	619
4	29	620
4	30	620
4	31	622
4	32	624
4	33	626
4	34	629
4	35	631
4	36	633
4	37	634
4	38	636
4	39	638
4	40	638
4	41	639
4	42	641
4	43	643
4	44	645
4	45	646
4	46	647
4	47	648
4	48	648
4	49	649
4	50	650
4	51	652
4	52	654
4	53	654
4	54	655
4	55	656
4	56	658
4	57	659
4	58	660
5	1	677
5	2	679
5	3	681
5	4	683
5	5	684
5	6	685
5	7	686
5	8	688
5	9	689
5	10	690
5	11	691
5	12	692
5	13	693
5	14	694
5	15	694
5	16	696
5	17	696
5	18	697
5	19	698
5	20	699
5	21	700
5	22	701
5	23	701
5	24	702
5	25	702
5	26	704
5	27	705
5	28	706
5	29	707
5	30	709
5	31	711
5	32	713
5	33	715
5	34	716
5	35	718
5	36	719
5	37	720
5	38	721
5	39	722
5	40	722
5	41	724
5	42	727
5	43	729
5	44	731
5	45	735
5	46	737
5	47	739
5	48	740
5	49	741
5	50	742
5	51	743
5	52	744
5	53	746
5	54	748
5	55	750
5	56	751
5	57	752
5	58	754
5	59	755
5	60	756
5	61	757
5	62	760
5	63	761
5	64	762
5	65	764
5	66	765
5	67	767
5	68	767
5	69	768
5	70	769
5	71	769
5	72	770
5	73	770
5	74	772
5	75	774
5	76	775
5	77	776
5	78	777
5	79	778
5	80	780
5	81	781
5	82	781
5	83	782
5	84	783
5	85	784
5	86	786
5	87	787
6	1	789
6	2	791
6	3	793
6	4	794
6	5	795
6	6	796
6	7	797
6	8	798
6	9	799
6	10	801
6	11	802
6	12	803
6	13	804
6	14	804
6	15	805
6	16	808
6	17	811
6	18	813
6	19	815
6	20	817
6	21	818
6	22	820
6	23	822
6	24	823
6	25	824
6	26	826
6	27	827
6	28	829
6	29	830
6	30	831
6	31	832
6	32	833
6	33	834
6	34	835
6	35	836
6	36	836
6	37	837
6	38	838
6	39	839
6	40	840
6	41	841
6	42	842
6	43	843
6	44	843
6	45	846
6	46	848
6	47	850
6	48	855
6	49	858
6	50	860
6	51	862
6	52	864
6	53	866
6	54	867
6	55	868
6	56	869
6	57	870
6	58	870
6	59	871
6	60	873
6	61	874
6	62	876
6	63	878
6	64	879
6	65	880
6	66	881
6	67	883
6	68	885
6	69	887
6	70	889
6	71	890
6	72	891
6	73	891
6	74	892
6	75	893
7	1	897
7	2	900
7	3	902
7	4	904
7	5	905
7	6	907
7	7	908
7	8	909
7	9	910
7	10	912
7	11	913
7	12	914
7	13	914
7	14	915
7	15	916
7	16	917
7	17	919
7	18	919
7	19	923
7	20	924
7	21	926
7	22	927
7	23	928
7	24	929
7	25	930
7	26	931
7	27	932
7	28	933
7	29	934
7	30	935
7	31	936
7	32	937
7	33	940
7	34	942
7	35	944
7	36	946
7	37	948
7	38	949
7	39	950
7	40	952
7	41	953
7	42	954
7	43	955
7	44	955
7	45	957
7	46	957
7	47	958
7	48	958
7	49	959
7	50	960
7	51	961
7	52	962
7	53	963
7	54	963
7	55	964
7	56	965
7	57	968
7	58	969
7	59	970
7	60	972
7	61	974
7	62	975
7	63	976
7	64	978
7	65	979
7	66	980
7	67	982
7	68	984
7	69	986
7	70	987
7	71	989
7	72	990
7	73	991
7	74	992
7	75	993
7	76	994
7	77	996
7	78	997
7	79	998
7	80	999
7	81	999
7	82	1000
7	83	1003
7	84	1005
7	85	1006
7	86	1007
7	87	1009
7	88	1011
7	89	1013
7	90	1014
7	91	1015
7	92	1016
7	93	1017
7	94	1018
7	95	1019
7	96	1020
7	97	1022
7	98	1024
7	99	1025
7	100	1026
7	101	1027
7	102	1028
7	103	1029
7	104	1031
8	1	1037
8	2	1042
8	3	1046
8	4	1048
8	5	1051
8	6	1054
8	7	1058
8	8	1061
8	9	1063
8	10	1065
8	11	1066
8	12	1067
8	13	1070
8	14	1073
8	15	1075
8	16	1076
8	17	1077
8	18	1079
8	19	1080
8	20	1085
8	21	1088
8	22	1090
8	23	1092
8	24	1095
8	25	1098
8	26	1100
8	27	1102
8	28	1105
8	29	1105
8	30	1107
8	31	1108
8	32	1110
8	33	1113
8	34	1115
8	35	1118
8	36	1120
8	37	1122
8	38	1123
8	39	1124
8	40	1126
8	41	1128
8	42	1129
8	43	1130
8	44	1133
8	45	1135
8	46	1139
8	47	1143
8	48	1145
8	49	1148
8	50	1149
8	51	1150
8	52	1152
8	53	1153
8	54	1154
8	55	1155
8	56	1156
8	57	1157
8	58	1157
8	59	1158
8	60	1160
8	61	1162
8	62	1164
8	63	1166
8	64	1168
8	65	1169
8	66	1170
8	67	1173
8	68	1174
8	69	1176
8	70	1179
8	71	1181	
8	72	1183
8	73	1185
8	74	1186
8	75	1188
8	76	1189
8	77	1191
8	78	1193
8	79	1194
8	80	1195
8	81	1196
8	82	1197
8	83	1198
8	84	1199
8	85	1200
8	86	1201
8	87	1202
8	88	1203
8	89	1204
8	90	1205
8	91	1206
8	92	1207
8	93	1210
8	94	1213
8	95	1215
8	96	1216
8	97	1219
8	98	1221
8	99	1222
8	100	1224
8	101	1228
8	102	1230
8	103	1232
9	1	1252
9	2	1253
9	3	1254
9	4	1255
9	5	1256
9	6	1257
9	7	1258
9	8	1259
9	9	1260
9	10	1262
9	11	1263
9	12	1264
9	13	1265
9	14	1266
9	15	1267
9	16	1267
9	17	1268
9	18	1269
9	19	1270
9	20	1271
9	21	1271
9	22	1272
9	23	1273
9	24	1274
9	25	1275
9	26	1275
9	27	1276
9	28	1277
9	29	1277
9	30	1278
9	31	1279
9	32	1279
9	33	1280
9	34	1281
9	35	1282
9	36	1282
9	37	1283
9	38	1284
9	39	1285
9	40	1285
9	41	1286
9	42	1287
9	43	1287
9	44	1288
9	45	1288
9	46	1289
9	47	1290
9	48	1291
9	49	1291
9	50	1292
9	51	1292
9	52	1293
9	53	1294
9	54	1294
9	55	1295
9	56	1296
9	57	1296
9	58	1297
9	59	1297
9	60	1298
9	61	1298
9	62	1300
9	63	1303
9	64	1305
9	65	1307
9	66	1310
9	67	1312
9	68	1315
9	69	1317
9	70	1319
9	71	1320
9	72	1321
9	73	1323
9	74	1324
9	75	1326
9	76	1327
9	77	1327
9	78	1328
9	79	1329
9	80	1330
9	81	1331
9	82	1332
9	83	1333
9	84	1335
9	85	1335
9	86	1337
9	87	1342
9	88	1344
9	89	1345
9	90	1346
9	91	1347
9	92	1347
9	93	1348
9	94	1349
9	95	1350
9	96	1351
9	97	1354
9	98	1361
9	99	1362
9	100	1363
9	101	1364
9	102	1365
9	103	1367
9	104	1368
9	105	1368
9	106	1369
9	107	1370
9	108	1373
9	109	1375
9	110	1377
9	111	1379
9	112	1380
9	113	1381
9	114	1383
10	1	1385
10	2	1386
10	3	1387
10	4	1388
10	5	1389
10	6	1391
10	7	1392
10	8	1393
10	9	1396
10	10	1398
10	11	1400
10	12	1402
10	13	1404
10	14	1407
10	15	1410
10	16	1411
10	17	1413
10	18	1416
10	19	1418
10	20	1419
10	21	1420
10	22	1422
10	23	1424
10	24	1425
10	25	1426
10	26	1428
10	27	1429
10	28	1434
10	29	1437
10	30	1439
10	31	1441
10	32	1443
10	33	1445
10	34	1446
10	35	1449
10	36	1451
10	37	1452
10	38	1454
10	39	1455
10	40	1458
10	41	1462
10	42	1462
10	43	1464
10	44	1465
10	45	1467
10	46	1468
10	47	1470
10	48	1471
10	49	1473
10	50	1474
10	51	1475
10	52	1477
10	53	1478
10	54	1479
10	55	1481
10	56	1483
10	57	1485
10	58	1485
10	59	1487
10	60	1488
10	61	1490
10	62	1495
10	63	1497
10	64	1499
10	65	1501
10	66	1503
10	67	1505
10	68	1507
10	69	1509
10	70	1511
10	71	1513
10	72	1515
10	73	1518
10	74	1520
10	75	1521
10	76	1523
10	77	1524
10	78	1526
10	79	1528
10	80	1529
10	81	1530
10	82	1532
10	83	1534
10	84	1535
10	85	1536
10	86	1542
10	87	1546
10	88	1549
10	89	1552
10	90	1554
10	91	1557
10	92	1559
10	93	1561
10	94	1563
10	95	1565
10	96	1568
10	97	1569
10	98	1571
10	99	1573
10	100	1575
10	101	1577
10	102	1578
10	103	1581
10	104	1583
10	105	1584
10	106	1586
10	107	1588
10	108	1589
10	109	1591
10	110	1593
10	111	1594
10	112	1596
10	113	1597
10	114	1598
10	115	1600
10	116	1602
10	117	1603
10	118	1605
10	119	1606
10	120	1607
10	121	1609
10	122	1611
10	123	1612
10	124	1614
10	125	1618
10	126	1621
10	127	1622
10	128	1623
10	129	1624
10	130	1626
10	131	1628
10	132	1630
10	133	1633
10	134	1634
10	135	1635
10	136	1638
10	137	1639
10	138	1640
10	139	1641
10	140	1643
10	141	1644
10	142	1644
10	143	1645
10	144	1646
10	145	1647
10	146	1648
10	147	1649
10	148	1650
10	149	1651
10	150	1652
10	151	1653
10	152	1653
10	153	1654
10	154	1655
10	155	1655
10	156	1656
10	157	1657
10	158	1657
10	159	1658
10	160	1659
10	161	1660
10	162	1660
10	163	1661
10	164	1662
10	165	1663
10	166	1664
10	167	1664
10	168	1665
10	169	1666
10	170	1667
10	171	1667
10	172	1668
10	173	1668
10	174	1669
10	175	1669
10	176	1670
10	177	1670
10	178	1671
10	179	1672
10	180	1672
10	181	1673
10	182	1673
10	183	1674
10	184	1674
10	185	1675
10	186	1675
10	187	1676
10	188	1676
10	189	1676
10	190	1677
10	191	1677
